8, [1.0000000e+00 2.1600797e-05]
8, [9.9996734e-01 1.5236045e-06]
8, [9.9999809e-01 1.7692062e-07]
0, [9.9995470e-01 1.3261062e-05]
1, [9.9999845e-01 8.0587466e-07]
2, [9.9994779e-01 1.0464266e-03]
0, [9.9939716e-01 1.2692005e-05]
5, [1.0000000e+00 9.7752281e-06]
2, [9.9999917e-01 2.2422232e-06]
7, [9.9999189e-01 4.8936356e-05]
7, [9.9999928e-01 1.0531801e-05]
5, [9.9999261e-01 7.7134260e-05]
5, [9.9899179e-01 2.1274475e-07]
4, [9.9999797e-01 7.8978530e-08]
3, [9.9999988e-01 9.3480419e-05]
4, [9.9998891e-01 2.7043989e-06]
 
 
 ]